track name="msp_38_2" description="Exclusion:[[[3, 2]], [[3, '.']], [[3, 'nan']]] Classification:[[[[4, 0]], [[6, 1], [12, 0.014295715285714284, 1.0]]], [[[6, 1], [12, 0.0, 0.014295714285714285]]]]"
1	618	678597	AN1=0	1197
1	678743	678744	AN1=1	1
1	678837	679779	AN1=0	5
1	679952	679953	AN1=1	1
1	680575	690900	AN1=0	22
1	691177	691499	AN1=1	2
1	693846	699216	AN1=0	13
1	700570	700571	AN1=1	1
1	704230	722944	AN1=0	45
1	723093	723094	AN1=1	1
1	723677	723678	AN1=0	1
1	723719	726002	AN1=1	4
1	726015	726016	AN1=0	1
1	727142	729202	AN1=1	3
1	729503	729625	AN1=0	2
1	729705	729706	AN1=1	1
1	730340	731013	AN1=0	3
1	731301	731302	AN1=1	1
1	733398	742800	AN1=0	19
1	743043	743044	AN1=1	1
1	743334	767582	AN1=0	35
1	768806	770721	AN1=1	2
1	771391	771392	AN1=0	1
1	771576	771577	AN1=1	1
1	774310	818008	AN1=0	92
1	818601	818602	AN1=1	1
1	819343	820288	AN1=0	3
1	820576	820577	AN1=1	1
1	821108	821109	AN1=0	1
1	821397	821398	AN1=1	1
1	822669	825859	AN1=0	8
1	826032	826316	AN1=1	2
1	827102	850366	AN1=0	46
1	851290	851472	AN1=1	2
1	851928	869698	AN1=0	39
1	870237	873082	AN1=1	2
1	874920	1036497	AN1=0	212
1	1036877	1036878	AN1=1	1
1	1037330	1161284	AN1=0	187
1	1161375	1161376	AN1=1	1
1	1162263	2543716	AN1=0	2266
1	2544128	2544129	AN1=1	1
1	2544724	3410147	AN1=0	1392
1	3410412	3410413	AN1=1	1
1	3410822	4403094	AN1=0	1576
1	4403157	4403158	AN1=1	1
1	4403768	5001152	AN1=0	1007
1	5001199	5001205	AN1=1	2
1	5002149	5002150	AN1=0	1
1	5002502	5002503	AN1=1	1
1	5002507	7154462	AN1=0	3585
1	7155590	7155591	AN1=1	1
1	7156356	7156673	AN1=0	2
1	7157878	7157879	AN1=1	1
1	7160004	7161863	AN1=0	5
1	7162133	7162755	AN1=1	2
1	7163173	7163508	AN1=0	2
1	7163550	7163735	AN1=1	2
1	7164316	7170973	AN1=0	23
1	7171389	7171634	AN1=1	2
1	7172533	7172859	AN1=0	2
1	7173553	7173554	AN1=1	1
1	7174717	7186773	AN1=0	12
1	7189064	7195166	AN1=1	6
1	7198098	7292717	AN1=0	166
1	7295767	7296495	AN1=1	2
1	7296861	9048303	AN1=0	2921
1	9049139	9049140	AN1=1	1
1	9050478	9999997	AN1=0	1549
