track name="msp_39_1" description="Exclusion:[[[3, 2]], [[3, '.']], [[3, 'nan']]] Classification:[[[[4, 0]], [[6, 1], [12, 0.014295715285714284, 1.0]]], [[[6, 1], [12, 0.0, 0.014295714285714285]]]]"
1	618	848468	AN1=0	1553
1	851290	851291	AN1=1	1
1	851373	851374	AN1=0	1
1	851471	851472	AN1=1	1
1	851928	1161284	AN1=0	456
1	1161375	1161376	AN1=1	1
1	1162263	2543716	AN1=0	2295
1	2544128	2544129	AN1=1	1
1	2544724	3290422	AN1=0	1177
1	3291829	3291830	AN1=1	1
1	3296295	3584654	AN1=0	539
1	3585705	3585706	AN1=1	1
1	3587346	4403094	AN1=0	1256
1	4403157	4403158	AN1=1	1
1	4403768	4984563	AN1=0	955
1	4985455	4985456	AN1=1	1
1	4986073	4990589	AN1=0	12
1	4992616	4993066	AN1=1	3
1	4993298	4999909	AN1=0	22
1	5001151	5001205	AN1=1	3
1	5002149	5002150	AN1=0	1
1	5002502	5002503	AN1=1	1
1	5002789	5065610	AN1=0	96
1	5066351	5066352	AN1=1	1
1	5066512	5067682	AN1=0	3
1	5067805	5067806	AN1=1	1
1	5069911	9048303	AN1=0	6602
1	9049139	9049140	AN1=1	1
1	9050478	9999997	AN1=0	1589
