track name="msp_35_1" description="Exclusion:[[[3, 2]], [[3, '.']], [[3, 'nan']]] Classification:[[[[4, 0]], [[6, 1], [12, 0.014295715285714284, 1.0]]], [[[6, 1], [12, 0.0, 0.014295714285714285]]]]"
1	618	848468	AN1=0	1602
1	851290	851291	AN1=1	1
1	851373	851374	AN1=0	1
1	851471	851472	AN1=1	1
1	851928	1277212	AN1=0	608
1	1277215	1277216	AN1=1	1
1	1280251	1285112	AN1=0	4
1	1286559	1286560	AN1=1	1
1	1286580	2417286	AN1=0	1918
1	2417846	2418226	AN1=1	2
1	2418490	2426193	AN1=0	5
1	2427399	2428917	AN1=1	2
1	2429292	2429293	AN1=0	1
1	2430231	2430539	AN1=1	2
1	2432362	2432363	AN1=0	1
1	2434116	2434117	AN1=1	1
1	2435126	2438194	AN1=0	4
1	2440158	2440159	AN1=1	1
1	2445126	2469785	AN1=0	30
1	2470683	2470684	AN1=1	1
1	2470709	2470998	AN1=0	2
1	2471114	2472346	AN1=1	5
1	2473258	2475147	AN1=0	2
1	2475210	2477840	AN1=1	2
1	2478303	3206173	AN1=0	1167
1	3206340	3206341	AN1=1	1
1	3206564	3276621	AN1=0	77
1	3277613	3280472	AN1=1	4
1	3282619	3285433	AN1=0	4
1	3285939	3286087	AN1=1	2
1	3287045	3410147	AN1=0	231
1	3410412	3410413	AN1=1	1
1	3410822	3584654	AN1=0	326
1	3585705	3585706	AN1=1	1
1	3587346	4403094	AN1=0	1263
1	4403157	4403158	AN1=1	1
1	4403768	4949098	AN1=0	890
1	4950377	4950378	AN1=1	1
1	4951202	5748855	AN1=0	1247
1	5749403	5749404	AN1=1	1
1	5750089	5750766	AN1=0	4
1	5752509	5752510	AN1=1	1
1	5753129	5937865	AN1=0	349
1	5940078	5942204	AN1=1	2
1	5942943	9048303	AN1=0	5248
1	9049139	9049140	AN1=1	1
1	9050478	9999997	AN1=0	1580
