track name="msp_37_2" description="Exclusion:[[[3, 2]], [[3, '.']], [[3, 'nan']]] Classification:[[[[4, 0]], [[6, 1], [12, 0.014295715285714284, 1.0]]], [[[6, 1], [12, 0.0, 0.014295714285714285]]]]"
1	618	493747	AN1=0	876
1	495131	495132	AN1=1	1
1	495829	497524	AN1=0	6
1	500057	500058	AN1=1	1
1	500366	500367	AN1=0	1
1	500874	500875	AN1=1	1
1	501107	505143	AN1=0	7
1	505591	505592	AN1=1	1
1	505808	514136	AN1=0	16
1	514718	514719	AN1=1	1
1	515331	3206173	AN1=0	4430
1	3206340	3206341	AN1=1	1
1	3206564	3276621	AN1=0	76
1	3277613	3280472	AN1=1	4
1	3282619	3285433	AN1=0	4
1	3285939	3286087	AN1=1	2
1	3287045	3410147	AN1=0	230
1	3410412	3410413	AN1=1	1
1	3410822	3584654	AN1=0	326
1	3585705	3585706	AN1=1	1
1	3587346	4403094	AN1=0	1283
1	4403157	4403158	AN1=1	1
1	4403768	6395282	AN1=0	3329
1	6395312	6395313	AN1=1	1
1	6395691	6397231	AN1=0	3
1	6399198	6399199	AN1=1	1
1	6399488	6400875	AN1=0	3
1	6401306	6401307	AN1=1	1
1	6401619	6403781	AN1=0	2
1	6404285	6404286	AN1=1	1
1	6406104	6412689	AN1=0	11
1	6412713	6412714	AN1=1	1
1	6412930	9048303	AN1=0	4424
1	9049139	9049140	AN1=1	1
1	9050478	9999997	AN1=0	1529
