track name="msp_36_2" description="Exclusion:[[[3, 2]], [[3, '.']], [[3, 'nan']]] Classification:[[[[4, 0]], [[6, 1], [12, 0.014295715285714284, 1.0]]], [[[6, 1], [12, 0.0, 0.014295714285714285]]]]"
1	618	678597	AN1=0	1228
1	678743	678744	AN1=1	1
1	678837	679779	AN1=0	5
1	679952	679953	AN1=1	1
1	680575	690900	AN1=0	23
1	691177	691499	AN1=1	2
1	693846	699216	AN1=0	13
1	700570	700571	AN1=1	1
1	704230	722944	AN1=0	45
1	723093	723094	AN1=1	1
1	723677	723678	AN1=0	1
1	723719	726002	AN1=1	4
1	726015	726016	AN1=0	1
1	727142	729202	AN1=1	3
1	729503	729625	AN1=0	2
1	729705	729706	AN1=1	1
1	730340	731013	AN1=0	3
1	731301	731302	AN1=1	1
1	733398	742800	AN1=0	19
1	743043	743044	AN1=1	1
1	743334	767582	AN1=0	35
1	768806	770721	AN1=1	2
1	771391	771392	AN1=0	1
1	771576	771577	AN1=1	1
1	774310	1074279	AN1=0	479
1	1075291	1075768	AN1=1	2
1	1076338	1076339	AN1=0	1
1	1077356	1077357	AN1=1	1
1	1079172	1083781	AN1=0	5
1	1086718	1086719	AN1=1	1
1	1087427	1100530	AN1=0	9
1	1102481	1102482	AN1=1	1
1	1106298	1161284	AN1=0	105
1	1161375	1161376	AN1=1	1
1	1162263	2543716	AN1=0	2270
1	2544128	2544129	AN1=1	1
1	2544724	3171165	AN1=0	1041
1	3172078	3175505	AN1=1	6
1	3177471	3665345	AN1=0	804
1	3665792	3668136	AN1=1	4
1	3668207	3668208	AN1=0	1
1	3668491	3668492	AN1=1	1
1	3669035	3670043	AN1=0	3
1	3670885	3673443	AN1=1	5
1	3673730	3679845	AN1=0	9
1	3680880	3682189	AN1=1	2
1	3683339	3688140	AN1=0	8
1	3688728	3688729	AN1=1	1
1	3689062	3689619	AN1=0	4
1	3689928	3689929	AN1=1	1
1	3692393	3692394	AN1=0	1
1	3694231	3694232	AN1=1	1
1	3694982	3695529	AN1=0	3
1	3699045	3699046	AN1=1	1
1	3708652	3710821	AN1=0	4
1	3711929	3712066	AN1=1	2
1	3713483	3721738	AN1=0	11
1	3721978	3721979	AN1=1	1
1	3722013	3722014	AN1=0	1
1	3722388	3722389	AN1=1	1
1	3722497	3722498	AN1=0	1
1	3722720	3725258	AN1=1	2
1	3726077	3726538	AN1=0	2
1	3726584	3726585	AN1=1	1
1	3728082	3728118	AN1=0	2
1	3730673	3730674	AN1=1	1
1	3731619	3732627	AN1=0	3
1	3732710	3732840	AN1=1	2
1	3736574	3738043	AN1=0	4
1	3738620	3738621	AN1=1	1
1	3738847	3749665	AN1=0	15
1	3750304	3751312	AN1=1	2
1	3753940	3754964	AN1=0	4
1	3755391	3755392	AN1=1	1
1	3756063	3756064	AN1=0	1
1	3757101	3758238	AN1=1	2
1	3758576	3758577	AN1=0	1
1	3759123	3759124	AN1=1	1
1	3759917	3866789	AN1=0	176
1	3867388	3868003	AN1=1	2
1	3869189	3874529	AN1=0	5
1	3874913	3874914	AN1=1	1
1	3876243	3876934	AN1=0	4
1	3877675	3877676	AN1=1	1
1	3877702	3879952	AN1=0	4
1	3880764	3880765	AN1=1	1
1	3881517	3881724	AN1=0	2
1	3882615	3882809	AN1=1	3
1	3883515	3894853	AN1=0	10
1	3896352	3896353	AN1=1	1
1	3900115	3900922	AN1=0	3
1	3901457	3901732	AN1=1	2
1	3901737	3904999	AN1=0	5
1	3906192	3906432	AN1=1	2
1	3907171	3907325	AN1=0	2
1	3907536	3909303	AN1=1	6
1	3909564	3909565	AN1=0	1
1	3910782	3910783	AN1=1	1
1	3911725	3911726	AN1=0	1
1	3912377	3912378	AN1=1	1
1	3914130	3915502	AN1=0	4
1	3919185	3919687	AN1=1	2
1	3919805	3923550	AN1=0	8
1	3925604	3934730	AN1=1	3
1	3935564	3935565	AN1=0	1
1	3935720	3935721	AN1=1	1
1	3937645	3941680	AN1=0	10
1	3943590	3943591	AN1=1	1
1	3944829	3972432	AN1=0	22
1	3973669	3974729	AN1=1	2
1	3978423	3979147	AN1=0	3
1	3979650	3979651	AN1=1	1
1	3980037	4403094	AN1=0	634
1	4403157	4403158	AN1=1	1
1	4403768	5937865	AN1=0	2574
1	5940078	5942204	AN1=1	2
1	5942943	9048303	AN1=0	5190
1	9049139	9049140	AN1=1	1
1	9050478	9999997	AN1=0	1562
