track name="msp_35_1" description="Exclusion:[[[3, 2]], [[3, '.']], [[3, 'nan']]] Classification:[[[[5, 0]], [[7, 1], [12, 0.014295715285714284, 1.0]]], [[[7, 1], [12, 0.0, 0.014295714285714285]]]]"
1	618	848468	AN1=0	1602
1	851290	851929	AN1=1	4
1	854522	1276008	AN1=0	605
1	1277202	1291856	AN1=1	19
1	1296498	2416275	AN1=0	1906
1	2417285	2478304	AN1=1	63
1	2480338	3260884	AN1=0	1234
1	3264922	3289023	AN1=1	26
1	3291717	5746933	AN1=0	3952
1	5748734	5753229	AN1=1	11
1	5754770	5937865	AN1=0	347
1	5940078	5945616	AN1=1	6
1	5949743	9999997	AN1=0	6825
