track name="msp_36_1" description="Exclusion:[[[3, 2]], [[3, '.']], [[3, 'nan']]] Classification:[[[[4, 0]], [[6, 1], [12, 0.014295715285714284, 1.0]]], [[[6, 1], [12, 0.0, 0.014295714285714285]]]]"
1	618	548713	AN1=0	1026
1	550372	550373	AN1=1	1
1	550879	909954	AN1=0	637
1	911078	911079	AN1=1	1
1	911122	922320	AN1=0	11
1	922406	922407	AN1=1	1
1	922457	922458	AN1=0	1
1	922688	922689	AN1=1	1
1	924375	2543716	AN1=0	2628
1	2544128	2544129	AN1=1	1
1	2544724	4403094	AN1=0	2996
1	4403157	4403158	AN1=1	1
1	4403768	4445018	AN1=0	66
1	4445375	4445376	AN1=1	1
1	4448208	4925689	AN1=0	730
1	4926587	4927082	AN1=1	4
1	4927135	4949098	AN1=0	31
1	4950377	4950823	AN1=1	2
1	4951202	4952006	AN1=0	2
1	4952816	4952817	AN1=1	1
1	4953619	4963356	AN1=0	7
1	4964949	4964950	AN1=1	1
1	4967289	4984563	AN1=0	32
1	4985455	4985456	AN1=1	1
1	4986205	4990589	AN1=0	11
1	4992616	4993066	AN1=1	3
1	4993298	4999909	AN1=0	22
1	5001151	5001205	AN1=1	3
1	5002149	5002150	AN1=0	1
1	5002502	5002503	AN1=1	1
1	5002507	6395282	AN1=0	2308
1	6395312	6395313	AN1=1	1
1	6395691	6395780	AN1=0	2
1	6399198	6399199	AN1=1	1
1	6399488	6400875	AN1=0	3
1	6401306	6401307	AN1=1	1
1	6401619	6403781	AN1=0	2
1	6404285	6404286	AN1=1	1
1	6406104	6412689	AN1=0	11
1	6412713	6412714	AN1=1	1
1	6412930	7900850	AN1=0	2424
1	7903270	7907399	AN1=1	3
1	7910788	7914478	AN1=0	5
1	7918525	7918526	AN1=1	1
1	7920198	7928485	AN1=0	12
1	7930456	7930457	AN1=1	1
1	7930784	7930785	AN1=0	1
1	7931583	7931584	AN1=1	1
1	7931653	7939458	AN1=0	16
1	7939669	7939670	AN1=1	1
1	7940396	7940507	AN1=0	2
1	7940550	7940551	AN1=1	1
1	7941972	7969262	AN1=0	62
1	7970506	7970507	AN1=1	1
1	7971215	7972693	AN1=0	8
1	7972854	7972855	AN1=1	1
1	7973539	7989998	AN1=0	12
1	7990659	7991536	AN1=1	2
1	7993663	9999997	AN1=0	3433
