track name="msp_35_2" description="Exclusion:[[[3, 2]], [[3, '.']], [[3, 'nan']]] Classification:[[[[4, 0]], [[6, 1], [12, 0.014295715285714284, 1.0]]], [[[6, 1], [12, 0.0, 0.014295714285714285]]]]"
1	618	3848572	AN1=0	6378
1	3848796	3848797	AN1=1	1
1	3849432	3851118	AN1=0	3
1	3851902	3851903	AN1=1	1
1	3852000	3860683	AN1=0	13
1	3863496	3863497	AN1=1	1
1	3863736	3863737	AN1=0	1
1	3863867	3863868	AN1=1	1
1	3863964	3863965	AN1=0	1
1	3865540	3866049	AN1=1	2
1	3866371	3867013	AN1=0	4
1	3867388	3868003	AN1=1	2
1	3869189	3874529	AN1=0	6
1	3874913	3874914	AN1=1	1
1	3876243	3876934	AN1=0	4
1	3877675	3877676	AN1=1	1
1	3878310	3880003	AN1=0	4
1	3880764	3880765	AN1=1	1
1	3880946	3881724	AN1=0	4
1	3882615	3882809	AN1=1	3
1	3885968	3894853	AN1=0	12
1	3896352	3896353	AN1=1	1
1	3900115	3900922	AN1=0	3
1	3901457	3901732	AN1=1	2
1	3901737	4403094	AN1=0	788
1	4403157	4403158	AN1=1	1
1	4403768	4777735	AN1=0	581
1	4779110	4779111	AN1=1	1
1	4779708	4949098	AN1=0	276
1	4950377	4950378	AN1=1	1
1	4951202	9048303	AN1=0	6901
1	9049139	9049140	AN1=1	1
1	9050478	9999997	AN1=0	1571
