track name="msp_38_1" description="Exclusion:[[[3, 2]], [[3, '.']], [[3, 'nan']]] Classification:[[[[4, 0]], [[6, 1], [12, 0.014295715285714284, 1.0]]], [[[6, 1], [12, 0.0, 0.014295714285714285]]]]"
1	618	2543716	AN1=0	4225
1	2544128	2544129	AN1=1	1
1	2544724	3584654	AN1=0	1693
1	3585705	3585706	AN1=1	1
1	3587346	4376759	AN1=0	1236
1	4377829	4377830	AN1=1	1
1	4378603	4404065	AN1=0	46
1	4407969	4407970	AN1=1	1
1	4409216	4410609	AN1=0	4
1	4412156	4412157	AN1=1	1
1	4414015	4949098	AN1=0	865
1	4950377	4950378	AN1=1	1
1	4951202	5116403	AN1=0	291
1	5116861	5116862	AN1=1	1
1	5117460	5120138	AN1=0	5
1	5120170	5120171	AN1=1	1
1	5120635	5121799	AN1=0	3
1	5121992	5121993	AN1=1	1
1	5122135	5148778	AN1=0	39
1	5149449	5149450	AN1=1	1
1	5149522	5150039	AN1=0	2
1	5150911	5151016	AN1=1	2
1	5151588	5166429	AN1=0	26
1	5167340	5167341	AN1=1	1
1	5167834	6897733	AN1=0	2910
1	6898718	6898719	AN1=1	1
1	6898884	6898885	AN1=0	1
1	6898956	6899373	AN1=1	3
1	6899799	9048303	AN1=0	3633
1	9049139	9049140	AN1=1	1
1	9050478	9999997	AN1=0	1567
