track name="msp_39_2" description="Exclusion:[[[3, 2]], [[3, '.']], [[3, 'nan']]] Classification:[[[[5, 0]], [[7, 1], [12, 0.014295715285714284, 1.0]]], [[[7, 1], [12, 0.0, 0.014295714285714285]]]]"
1	618	676853	AN1=0	1212
1	677820	771577	AN1=1	170
1	774310	815519	AN1=0	92
1	818007	874921	AN1=1	108
1	879129	1092310	AN1=0	294
1	1097291	1265849	AN1=1	224
1	1270493	3052841	AN1=0	2953
1	3054127	3060270	AN1=1	13
1	3061214	3961237	AN1=0	1434
1	3969623	3981465	AN1=1	14
1	3984245	4855750	AN1=0	1390
1	4859079	4866035	AN1=1	13
1	4868056	4926247	AN1=0	83
1	4926587	5002790	AN1=1	123
1	5004052	5937865	AN1=0	1463
1	5940078	5945616	AN1=1	7
1	5949743	8079905	AN1=0	3590
1	8081500	8291023	AN1=1	326
1	8291588	9999997	AN1=0	2824
