track name="msp_37_1" description="Exclusion:[[[3, 2]], [[3, '.']], [[3, 'nan']]] Classification:[[[[5, 0]], [[7, 1], [12, 0.014295715285714284, 1.0]]], [[[7, 1], [12, 0.0, 0.014295714285714285]]]]"
1	618	907784	AN1=0	1649
1	909953	988000	AN1=1	111
1	994382	4963920	AN1=0	6423
1	4964949	5002790	AN1=1	72
1	5004052	5516114	AN1=0	770
1	5519006	5564925	AN1=1	53
1	5568232	5937865	AN1=0	682
1	5940078	5945616	AN1=1	6
1	5949743	7292717	AN1=0	2277
1	7295767	7297376	AN1=1	6
1	7298490	9312366	AN1=0	3364
1	9315396	9343832	AN1=1	37
1	9346582	9999997	AN1=0	1046
