track name="msp_36_2" description="Exclusion:[[[3, 2]], [[3, '.']], [[3, 'nan']]] Classification:[[[[5, 0]], [[7, 1], [12, 0.014295715285714284, 1.0]]], [[[7, 1], [12, 0.0, 0.014295714285714285]]]]"
1	618	676853	AN1=0	1224
1	677820	771577	AN1=1	171
1	774310	1074279	AN1=0	479
1	1075291	1102482	AN1=1	20
1	1106298	3169237	AN1=0	3417
1	3171164	3175505	AN1=1	7
1	3177471	3664163	AN1=0	802
1	3664959	3765586	AN1=1	121
1	3768366	3866789	AN1=0	168
1	3867388	3981465	AN1=1	119
1	3984245	5937865	AN1=0	3206
1	5940078	5945616	AN1=1	6
1	5949743	9999997	AN1=0	6749
