track name="msp_39_2" description="Exclusion:[[[3, 2]], [[3, '.']], [[3, 'nan']]] Classification:[[[[4, 0]], [[6, 1], [12, 0.014295715285714284, 1.0]]], [[[6, 1], [12, 0.0, 0.014295714285714285]]]]"
1	618	678597	AN1=0	1216
1	678743	678744	AN1=1	1
1	678837	679779	AN1=0	5
1	679952	679953	AN1=1	1
1	680575	690900	AN1=0	22
1	691177	691499	AN1=1	2
1	693846	699216	AN1=0	13
1	700570	700571	AN1=1	1
1	704230	722944	AN1=0	45
1	723093	723094	AN1=1	1
1	723677	723678	AN1=0	1
1	723719	726002	AN1=1	4
1	726015	726016	AN1=0	1
1	727142	729202	AN1=1	3
1	729503	729625	AN1=0	2
1	729705	729706	AN1=1	1
1	730340	731013	AN1=0	3
1	731301	731302	AN1=1	1
1	733398	742800	AN1=0	19
1	743043	743044	AN1=1	1
1	743334	767582	AN1=0	35
1	768806	770721	AN1=1	2
1	771391	771392	AN1=0	1
1	771576	771577	AN1=1	1
1	774310	818008	AN1=0	93
1	818601	818602	AN1=1	1
1	819343	820288	AN1=0	3
1	820576	820577	AN1=1	1
1	821108	821109	AN1=0	1
1	821397	821398	AN1=1	1
1	822669	825859	AN1=0	8
1	826032	826316	AN1=1	2
1	827102	850366	AN1=0	46
1	851290	851472	AN1=1	2
1	851928	869698	AN1=0	39
1	870237	873082	AN1=1	2
1	874920	1100530	AN1=0	299
1	1102481	1102482	AN1=1	1
1	1106298	1128691	AN1=0	36
1	1129648	1129649	AN1=1	1
1	1130111	1133950	AN1=0	8
1	1136010	1136011	AN1=1	1
1	1136022	1136023	AN1=0	1
1	1136814	1136815	AN1=1	1
1	1136935	1136936	AN1=0	1
1	1137697	1139175	AN1=1	2
1	1140465	1140466	AN1=0	1
1	1140528	1140529	AN1=1	1
1	1145319	1145320	AN1=0	1
1	1145916	1149389	AN1=1	6
1	1150847	1187505	AN1=0	54
1	1188453	1188914	AN1=1	3
1	1189005	1189006	AN1=0	1
1	1189668	1189669	AN1=1	1
1	1189849	1189850	AN1=0	1
1	1190107	1192385	AN1=1	6
1	1196002	1214974	AN1=0	32
1	1217824	1219203	AN1=1	2
1	1219398	1219399	AN1=0	1
1	1219839	1219840	AN1=1	1
1	1220515	1239547	AN1=0	27
1	1240535	1240536	AN1=1	1
1	1240984	1264158	AN1=0	27
1	1264441	1265849	AN1=1	2
1	1270493	2543716	AN1=0	2102
1	2544128	2544129	AN1=1	1
1	2544724	3054898	AN1=0	853
1	3055068	3055069	AN1=1	1
1	3055129	3056960	AN1=0	5
1	3058521	3058522	AN1=1	1
1	3058668	3058965	AN1=0	2
1	3060269	3060270	AN1=1	1
1	3061214	3972432	AN1=0	1439
1	3973669	3974729	AN1=1	2
1	3978423	3979147	AN1=0	3
1	3979650	3979651	AN1=1	1
1	3980037	4403094	AN1=0	654
1	4403157	4403158	AN1=1	1
1	4403768	4860710	AN1=0	741
1	4860979	4860980	AN1=1	1
1	4861592	4861593	AN1=0	1
1	4862208	4862209	AN1=1	1
1	4862477	4926247	AN1=0	90
1	4926587	4927082	AN1=1	4
1	4927135	4949273	AN1=0	33
1	4950377	4950378	AN1=1	1
1	4950633	4950634	AN1=0	1
1	4950822	4950823	AN1=1	1
1	4951202	4951203	AN1=0	1
1	4952816	4952817	AN1=1	1
1	4953619	4963920	AN1=0	9
1	4964949	4964950	AN1=1	1
1	4966437	4984563	AN1=0	32
1	4985455	4985456	AN1=1	1
1	4986073	4990589	AN1=0	11
1	4992616	4993066	AN1=1	3
1	4993298	4994758	AN1=0	5
1	4995329	4995847	AN1=1	3
1	4996658	4999909	AN1=0	10
1	5001151	5001205	AN1=1	3
1	5002149	5002150	AN1=0	1
1	5002502	5002503	AN1=1	1
1	5002789	5937865	AN1=0	1464
1	5940078	5942204	AN1=1	2
1	5942943	8081501	AN1=0	3596
1	8082184	8083009	AN1=1	3
1	8085002	8102710	AN1=0	25
1	8104679	8105405	AN1=1	2
1	8105655	8105656	AN1=0	1
1	8106125	8108932	AN1=1	5
1	8109549	8116465	AN1=0	9
1	8118572	8119837	AN1=1	2
1	8119843	8119844	AN1=0	1
1	8121196	8121567	AN1=1	2
1	8122605	8138091	AN1=0	23
1	8139841	8140390	AN1=1	3
1	8140390	8140391	AN1=0	1
1	8141552	8141553	AN1=1	1
1	8142088	8161821	AN1=0	22
1	8163206	8167667	AN1=1	2
1	8168827	8184090	AN1=0	39
1	8185591	8185742	AN1=1	2
1	8187878	8198429	AN1=0	21
1	8198570	8198813	AN1=1	2
1	8199423	8199424	AN1=0	1
1	8200207	8200208	AN1=1	1
1	8200577	8200578	AN1=0	1
1	8200684	8200685	AN1=1	1
1	8200790	8203590	AN1=0	13
1	8203829	8203830	AN1=1	1
1	8204154	8205047	AN1=0	4
1	8206074	8206075	AN1=1	1
1	8206311	8206312	AN1=0	1
1	8206532	8206533	AN1=1	1
1	8207199	8208315	AN1=0	6
1	8208472	8208473	AN1=1	1
1	8210027	8221008	AN1=0	17
1	8221652	8221653	AN1=1	1
1	8222986	8242500	AN1=0	28
1	8242660	8242661	AN1=1	1
1	8244376	8244377	AN1=0	1
1	8244949	8244950	AN1=1	1
1	8245296	8248616	AN1=0	4
1	8248774	8248775	AN1=1	1
1	8249070	8249071	AN1=0	1
1	8249555	8249556	AN1=1	1
1	8251056	8251057	AN1=0	1
1	8251086	8255831	AN1=1	5
1	8256940	8256941	AN1=0	1
1	8257179	8258747	AN1=1	2
1	8259431	8259432	AN1=0	1
1	8259829	8260119	AN1=1	2
1	8261120	8262337	AN1=0	3
1	8263304	8263305	AN1=1	1
1	8264367	8266686	AN1=0	5
1	8267571	8267572	AN1=1	1
1	8267822	8273567	AN1=0	19
1	8273974	8273975	AN1=1	1
1	8274330	8274331	AN1=0	1
1	8274482	8274483	AN1=1	1
1	8275206	8280396	AN1=0	7
1	8281271	8281272	AN1=1	1
1	8283346	8285637	AN1=0	4
1	8286613	8286614	AN1=1	1
1	8286736	8290741	AN1=0	13
1	8291022	8291023	AN1=1	1
1	8291588	8322742	AN1=0	58
1	8325063	8325064	AN1=1	1
1	8326066	9048303	AN1=0	1189
1	9049139	9049140	AN1=1	1
1	9050478	9999997	AN1=0	1575
