track name="msp_37_1" description="Exclusion:[[[3, 2]], [[3, '.']], [[3, 'nan']]] Classification:[[[[4, 0]], [[6, 1], [12, 0.014295715285714284, 1.0]]], [[[6, 1], [12, 0.0, 0.014295714285714285]]]]"
1	618	548713	AN1=0	1014
1	550372	550373	AN1=1	1
1	550879	909954	AN1=0	635
1	911078	911079	AN1=1	1
1	911122	922320	AN1=0	11
1	922406	922407	AN1=1	1
1	922457	922458	AN1=0	1
1	922688	922689	AN1=1	1
1	924375	924376	AN1=0	1
1	925251	925252	AN1=1	1
1	925305	939669	AN1=0	16
1	940263	940264	AN1=1	1
1	941102	978350	AN1=0	53
1	978934	979563	AN1=1	2
1	979639	985200	AN1=0	18
1	985579	985580	AN1=1	1
1	987235	1161284	AN1=0	241
1	1161375	1161376	AN1=1	1
1	1162263	4403094	AN1=0	5264
1	4403157	4403158	AN1=1	1
1	4403768	4963920	AN1=0	918
1	4964949	4964950	AN1=1	1
1	4966437	4984563	AN1=0	32
1	4985455	4985456	AN1=1	1
1	4986073	4990589	AN1=0	11
1	4992616	4993066	AN1=1	3
1	4993298	4994758	AN1=0	5
1	4995329	4995847	AN1=1	3
1	4996658	4999909	AN1=0	10
1	5001151	5001205	AN1=1	3
1	5002149	5002150	AN1=0	1
1	5002502	5002503	AN1=1	1
1	5002789	5519007	AN1=0	772
1	5519711	5519712	AN1=1	1
1	5523723	5525208	AN1=0	4
1	5526738	5526739	AN1=1	1
1	5528228	5563698	AN1=0	43
1	5564083	5564084	AN1=1	1
1	5564916	5564917	AN1=0	1
1	5564924	5564925	AN1=1	1
1	5568232	5587936	AN1=0	35
1	5588158	5588159	AN1=1	1
1	5588852	5937865	AN1=0	646
1	5940078	5942204	AN1=1	2
1	5942943	7292717	AN1=0	2281
1	7295767	7296495	AN1=1	2
1	7296861	9048303	AN1=0	2906
1	9049139	9049140	AN1=1	1
1	9050478	9315397	AN1=0	462
1	9315474	9315475	AN1=1	1
1	9316832	9321586	AN1=0	12
1	9322348	9325415	AN1=1	4
1	9325837	9337272	AN1=0	11
1	9338760	9338982	AN1=1	2
1	9339199	9343516	AN1=0	5
1	9343831	9343832	AN1=1	1
1	9346582	9999997	AN1=0	1046
